Webots Project File version R2025a
perspectives: 000000ff00000000fd0000000200000001000001b000000377fc0200000001fb0000001400540065007800740045006400690074006f00720100000000000003770000004500ffffff00000003000007800000006ffc0100000001fb0000001a0043006f006e0073006f006c00650041006c006c0041006c006c0100000000000007800000008700ffffff000005ce0000037700000001000000020000000100000008fc00000000
simulationViewPerspectives: 000000ff000000010000000200000145000002840100000002010000000100
sceneTreePerspectives: 000000ff00000001000000030000001e000000c0000000fa0100000002010000000200
maximizedDockId: -1
centralWidgetVisible: 1
orthographicViewHeight: 1
textFiles: -1
consoles: Console:All:All
renderingDevicePerspectives: NAO:CameraBottom;1;0.266667;0;0
renderingDevicePerspectives: NAO:CameraTop;1;0.266667;0;0
